[gd_scene load_steps=16 format=2]

[ext_resource path="res://characters/HitBox.tscn" type="PackedScene" id=1]
[ext_resource path="res://characters/enemies/raw_assets/birdmonster/birdmonster.glb" type="PackedScene" id=2]
[ext_resource path="res://characters/enemies/Monster.gd" type="Script" id=3]
[ext_resource path="res://characters/HealthManager.tscn" type="PackedScene" id=4]
[ext_resource path="res://characters/CharacterMover.tscn" type="PackedScene" id=5]
[ext_resource path="res://characters/enemies/AimAtObject.gd" type="Script" id=6]
[ext_resource path="res://weapons/DamageArea.tscn" type="PackedScene" id=7]

[sub_resource type="CapsuleShape" id=1]
radius = 0.5

[sub_resource type="CapsuleShape" id=2]
radius = 0.0837276
height = 0.349405

[sub_resource type="CapsuleShape" id=3]
radius = 0.0458103
height = 0.319623

[sub_resource type="CapsuleShape" id=4]
radius = 0.104214
height = 0.349405

[sub_resource type="CapsuleShape" id=5]
radius = 0.0494554
height = 0.389152

[sub_resource type="BoxShape" id=6]
extents = Vector3( 0.176135, 0.103232, 0.0926404 )

[sub_resource type="BoxShape" id=7]
extents = Vector3( 0.141378, 0.129683, 0.261429 )

[sub_resource type="SphereShape" id=8]
radius = 0.118357

[node name="BirdMonster" type="KinematicBody"]
collision_layer = 2
collision_mask = 3
script = ExtResource( 3 )

[node name="CollisionShape" type="CollisionShape" parent="."]
transform = Transform( 1, 0, 0, 0, -4.37114e-08, 1, 0, -1, -4.37114e-08, 0, 1, 0 )
shape = SubResource( 1 )

[node name="Graphics" parent="." instance=ExtResource( 2 )]

[node name="Skeleton" parent="Graphics/Armature" index="0"]
bones/0/bound_children = [ NodePath("Hip") ]
bones/1/bound_children = [ NodePath("Body") ]
bones/2/bound_children = [ NodePath("ArmUL") ]
bones/3/bound_children = [ NodePath("ArmLL") ]
bones/4/bound_children = [ NodePath("ArmUR") ]
bones/5/bound_children = [ NodePath("ArmLR") ]
bones/6/bound_children = [ NodePath("LegUL") ]
bones/7/bound_children = [ NodePath("LegLL") ]
bones/8/bound_children = [ NodePath("LegUR") ]
bones/9/bound_children = [ NodePath("LegLR") ]

[node name="ArmUL" type="BoneAttachment" parent="Graphics/Armature/Skeleton" index="1"]
transform = Transform( -0.762323, 0.647196, 8.20133e-07, -0.52914, -0.623267, 0.575803, 0.372658, 0.438947, 0.817589, 0.176714, 1.48577, -0.135291 )
bone_name = "upper_arml"

[node name="HitBox" parent="Graphics/Armature/Skeleton/ArmUL" instance=ExtResource( 1 )]

[node name="CollisionShape" type="CollisionShape" parent="Graphics/Armature/Skeleton/ArmUL/HitBox"]
transform = Transform( 1, 0, 3.8743e-07, 1.49012e-08, -2.98023e-08, -0.999999, 0, 1, 0, 5.96046e-08, 0.149119, 4.17233e-07 )
shape = SubResource( 2 )

[node name="ArmUR" type="BoneAttachment" parent="Graphics/Armature/Skeleton" index="2"]
transform = Transform( -0.762323, -0.647196, -8.04094e-07, 0.52914, -0.623267, 0.575803, -0.372658, 0.438947, 0.817589, -0.176714, 1.48577, -0.135291 )
bone_name = "upper_armr"

[node name="HitBox" parent="Graphics/Armature/Skeleton/ArmUR" instance=ExtResource( 1 )]

[node name="CollisionShape" type="CollisionShape" parent="Graphics/Armature/Skeleton/ArmUR/HitBox"]
transform = Transform( 1, 0, 3.8743e-07, 1.49012e-08, -2.98023e-08, -0.999999, 0, 1, 0, 5.96046e-08, 0.149119, 4.17233e-07 )
shape = SubResource( 2 )

[node name="ArmLL" type="BoneAttachment" parent="Graphics/Armature/Skeleton" index="3"]
transform = Transform( -0.998522, 0.0543442, 6.6465e-07, -0.0332621, -0.611173, 0.790798, 0.0429756, 0.78963, 0.612077, 0.456291, 1.21653, 0.054326 )
bone_name = "lower_arml"

[node name="HitBox" parent="Graphics/Armature/Skeleton/ArmLL" instance=ExtResource( 1 )]

[node name="CollisionShape" type="CollisionShape" parent="Graphics/Armature/Skeleton/ArmLL/HitBox"]
transform = Transform( 1, -3.72529e-09, 3.91155e-07, 1.49012e-08, -2.98023e-08, -0.999999, 0, 1, -8.9407e-08, 5.96046e-08, 0.196396, 5.36442e-07 )
shape = SubResource( 3 )

[node name="CollisionShape2" type="CollisionShape" parent="Graphics/Armature/Skeleton/ArmLL/HitBox"]
transform = Transform( 0.880071, -2.23517e-08, -0.47484, -0.47484, 2.98023e-08, -0.880071, 1.19209e-07, 1, 2.98023e-08, 0.0336283, 0.598437, -0.0207537 )
shape = SubResource( 3 )

[node name="CollisionShape3" type="CollisionShape" parent="Graphics/Armature/Skeleton/ArmLL/HitBox"]
transform = Transform( 0.873116, 0.041681, -0.485725, -0.471029, -0.184746, -0.862553, -0.125688, 0.981901, -0.141672, 0.0555315, 0.563087, 0.122439 )
shape = SubResource( 3 )

[node name="CollisionShape4" type="CollisionShape" parent="Graphics/Armature/Skeleton/ArmLL/HitBox"]
transform = Transform( 0.908222, 0.230434, -0.349326, -0.416989, 0.427845, -0.801914, -0.0353304, 0.873984, 0.484667, 0.0501476, 0.541317, -0.160385 )
shape = SubResource( 3 )

[node name="ArmLR" type="BoneAttachment" parent="Graphics/Armature/Skeleton" index="4"]
transform = Transform( -0.998522, -0.0543442, -6.79123e-07, 0.0332622, -0.611173, 0.790798, -0.0429755, 0.78963, 0.612077, -0.456291, 1.21653, 0.0543261 )
bone_name = "lower_armr"

[node name="HitBox" parent="Graphics/Armature/Skeleton/ArmLR" instance=ExtResource( 1 )]

[node name="CollisionShape" type="CollisionShape" parent="Graphics/Armature/Skeleton/ArmLR/HitBox"]
transform = Transform( 1, -3.72529e-09, 3.91155e-07, 1.49012e-08, -2.98023e-08, -0.999999, 0, 1, -8.9407e-08, 5.96046e-08, 0.196396, 5.36442e-07 )
shape = SubResource( 3 )

[node name="CollisionShape2" type="CollisionShape" parent="Graphics/Armature/Skeleton/ArmLR/HitBox"]
transform = Transform( 0.946508, -1.08033e-07, 0.322679, 0.322679, -8.9407e-08, -0.946508, 1.19209e-07, 1, -2.98023e-08, -0.075357, 0.651569, -0.0207536 )
shape = SubResource( 3 )

[node name="CollisionShape3" type="CollisionShape" parent="Graphics/Armature/Skeleton/ArmLR/HitBox"]
transform = Transform( 0.884142, 0.041681, 0.465353, 0.464546, -0.184746, -0.866062, 0.049874, 0.981902, -0.182705, -0.0683081, 0.577033, 0.13032 )
shape = SubResource( 3 )

[node name="CollisionShape4" type="CollisionShape" parent="Graphics/Armature/Skeleton/ArmLR/HitBox"]
transform = Transform( 0.878847, 0.306916, 0.365278, 0.110551, 0.613782, -0.781695, -0.464116, 0.727374, 0.505491, -0.0657496, 0.568014, -0.169333 )
shape = SubResource( 3 )

[node name="LegUL" type="BoneAttachment" parent="Graphics/Armature/Skeleton" index="5"]
transform = Transform( -0.782999, 0.14838, 0.604046, 0.0548854, -0.95086, 0.304714, 0.619573, 0.271751, 0.736382, 0.131876, 0.936301, 1.36788e-07 )
bone_name = "upperlegl"

[node name="HitBox" parent="Graphics/Armature/Skeleton/LegUL" instance=ExtResource( 1 )]

[node name="CollisionShape" type="CollisionShape" parent="Graphics/Armature/Skeleton/LegUL/HitBox"]
transform = Transform( 0.994824, -1.19209e-07, 0.101612, 0.101612, 7.45058e-08, -0.994824, 8.9407e-08, 1, 1.49012e-07, 0.0219205, 0.149119, -0.0162201 )
shape = SubResource( 4 )

[node name="LegUR" type="BoneAttachment" parent="Graphics/Armature/Skeleton" index="6"]
transform = Transform( -0.782998, -0.148381, -0.604045, -0.0548847, -0.950859, 0.304716, -0.619573, 0.271751, 0.736382, -0.131876, 0.936301, 1.36788e-07 )
bone_name = "upperlegr"

[node name="HitBox" parent="Graphics/Armature/Skeleton/LegUR" instance=ExtResource( 1 )]

[node name="CollisionShape" type="CollisionShape" parent="Graphics/Armature/Skeleton/LegUR/HitBox"]
transform = Transform( 0.994824, 0.0106562, 0.101051, 0.101612, -0.104333, -0.989337, 3.27826e-07, 0.994485, -0.104875, -0.0110209, 0.146716, -0.0293039 )
shape = SubResource( 4 )

[node name="LegLL" type="BoneAttachment" parent="Graphics/Armature/Skeleton" index="7"]
transform = Transform( -0.786345, -0.178843, 0.591314, 0.0264683, -0.966051, -0.256987, 0.617196, -0.186426, 0.76439, 0.193832, 0.539271, 0.113469 )
bone_name = "lowerlegl"

[node name="HitBox" parent="Graphics/Armature/Skeleton/LegLL" instance=ExtResource( 1 )]

[node name="CollisionShape" type="CollisionShape" parent="Graphics/Armature/Skeleton/LegLL/HitBox"]
transform = Transform( 0.994824, 2.68221e-07, 0.101612, 0.101612, 1.04308e-07, -0.994824, 5.96046e-08, 1, 1.63913e-07, 0.0133645, 0.232883, 0.00393426 )
shape = SubResource( 5 )

[node name="LegLR" type="BoneAttachment" parent="Graphics/Armature/Skeleton" index="8"]
transform = Transform( -0.786344, 0.178841, -0.591314, -0.0264676, -0.966051, -0.256985, -0.617197, -0.186425, 0.76439, -0.193832, 0.539271, 0.11347 )
bone_name = "lowerlegr"

[node name="HitBox" parent="Graphics/Armature/Skeleton/LegLR" instance=ExtResource( 1 )]

[node name="CollisionShape" type="CollisionShape" parent="Graphics/Armature/Skeleton/LegLR/HitBox"]
transform = Transform( 0.999619, -2.08616e-07, -0.0275625, -0.0275625, 2.98023e-08, -0.999619, 2.68221e-07, 1, 1.49012e-08, -0.00709241, 0.232689, 0.00265726 )
shape = SubResource( 5 )

[node name="Hip" type="BoneAttachment" parent="Graphics/Armature/Skeleton" index="9"]
transform = Transform( 1, 0, 0, 0, 1, 0, 0, 0, 1, 0, 0.915201, 0 )
bone_name = "hip"

[node name="HitBox" parent="Graphics/Armature/Skeleton/Hip" instance=ExtResource( 1 )]

[node name="CollisionShape" type="CollisionShape" parent="Graphics/Armature/Skeleton/Hip/HitBox"]
transform = Transform( 0.999619, -2.08616e-07, -0.0275625, -0.0275625, 2.98023e-08, -0.999619, 2.68221e-07, 1, 1.49012e-08, -0.00783005, 0.205936, 0.00265726 )
shape = SubResource( 6 )

[node name="Body" type="BoneAttachment" parent="Graphics/Armature/Skeleton" index="10"]
transform = Transform( 1, 0, 2.38418e-07, -8.6824e-08, 0.931334, 0.364166, -2.22047e-07, -0.364166, 0.931334, 0, 1.13977, 0 )
bone_name = "body"

[node name="HitBox" parent="Graphics/Armature/Skeleton/Body" instance=ExtResource( 1 )]

[node name="CollisionShape" type="CollisionShape" parent="Graphics/Armature/Skeleton/Body/HitBox"]
transform = Transform( 0.999619, -0.00237522, -0.02746, -0.0275626, -0.0861318, -0.995903, 2.65427e-07, 0.996281, -0.0861645, -0.00361646, 0.358752, 0.00048691 )
shape = SubResource( 7 )

[node name="HitBox2" parent="Graphics/Armature/Skeleton/Body" instance=ExtResource( 1 )]
transform = Transform( 1, 0, -1.42109e-14, 0, 1, 0, 0, 0, 1, 0, 0, 0 )
weak_spot = true

[node name="CollisionShape" type="CollisionShape" parent="Graphics/Armature/Skeleton/Body/HitBox2"]
transform = Transform( 0.999619, -0.00624397, -0.0268459, -0.0275625, -0.226446, -0.973634, 2.16998e-07, 0.974004, -0.226532, -0.00015042, 0.484459, 0.258466 )
shape = SubResource( 8 )

[node name="HealthManager" parent="." instance=ExtResource( 4 )]
max_health = 20

[node name="CharacterMover" parent="." instance=ExtResource( 5 )]
move_accel = 2
max_speed = 10
ignore_rotation = true

[node name="AimAtObject" type="Spatial" parent="."]
transform = Transform( 1, 0, 0, 0, 1, 0, 0, 0, 1, 0, 1, 0.403 )
script = ExtResource( 6 )

[node name="DamageArea" parent="AimAtObject" instance=ExtResource( 7 )]
transform = Transform( -4.37114e-08, 0, 1, 0, 1, 0, -1, 0, -4.37114e-08, 3.67787e-08, 0, 0.8414 )

[editable path="Graphics"]
