[gd_scene load_steps=16 format=2]

[ext_resource path="res://characters/HitBox.tscn" type="PackedScene" id=1]
[ext_resource path="res://characters/enemies/raw_assets/birdmonster/birdmonster.glb" type="PackedScene" id=2]
[ext_resource path="res://characters/enemies/Monster.gd" type="Script" id=3]
[ext_resource path="res://characters/HealthManager.tscn" type="PackedScene" id=4]
[ext_resource path="res://characters/CharacterMover.tscn" type="PackedScene" id=5]
[ext_resource path="res://characters/enemies/AimAtObject.gd" type="Script" id=6]
[ext_resource path="res://weapons/DamageArea.tscn" type="PackedScene" id=7]

[sub_resource type="CapsuleShape" id=1]
radius = 0.5

[sub_resource type="CapsuleShape" id=2]
radius = 0.0837276
height = 0.349405

[sub_resource type="CapsuleShape" id=3]
radius = 0.0458103
height = 0.319623

[sub_resource type="CapsuleShape" id=4]
radius = 0.104214
height = 0.349405

[sub_resource type="CapsuleShape" id=5]
radius = 0.0494554
height = 0.389152

[sub_resource type="BoxShape" id=6]
extents = Vector3( 0.176135, 0.103232, 0.0926404 )

[sub_resource type="BoxShape" id=7]
extents = Vector3( 0.141378, 0.129683, 0.261429 )

[sub_resource type="SphereShape" id=8]
radius = 0.118357

[node name="BirdMonster" type="KinematicBody"]
collision_layer = 2
collision_mask = 3
script = ExtResource( 3 )

[node name="CollisionShape" type="CollisionShape" parent="."]
transform = Transform( 1, 0, 0, 0, -4.37114e-08, 1, 0, -1, -4.37114e-08, 0, 1, 0 )
shape = SubResource( 1 )

[node name="Graphics" parent="." instance=ExtResource( 2 )]

[node name="Skeleton" parent="Graphics/Armature" index="0"]
bones/0/bound_children = [ NodePath("Hip") ]
bones/1/bound_children = [ NodePath("Body") ]

[node name="ArmUL" type="BoneAttachment" parent="Graphics/Armature/Skeleton" index="1"]
transform = Transform( -0.826506, 0.56134, -0.0422589, -0.550301, -0.821497, -0.14937, -0.118563, -0.1002, 0.987878, 0.234545, 1.44253, 0.15025 )
bone_name = "upper_arm.l"

[node name="HitBox" parent="Graphics/Armature/Skeleton/ArmUL" instance=ExtResource( 1 )]

[node name="CollisionShape" type="CollisionShape" parent="Graphics/Armature/Skeleton/ArmUL/HitBox"]
transform = Transform( 1, 0, 3.8743e-07, 1.49012e-08, -2.98023e-08, -0.999999, 0, 1, 0, 5.96046e-08, 0.149119, 4.17233e-07 )
shape = SubResource( 2 )

[node name="ArmUR" type="BoneAttachment" parent="Graphics/Armature/Skeleton" index="2"]
transform = Transform( -0.849701, -0.443804, -0.284688, 0.235847, -0.802818, 0.547595, -0.471577, 0.398149, 0.786824, -0.11405, 1.49876, 0.16542 )
bone_name = "upper_arm.r"

[node name="HitBox" parent="Graphics/Armature/Skeleton/ArmUR" instance=ExtResource( 1 )]

[node name="CollisionShape" type="CollisionShape" parent="Graphics/Armature/Skeleton/ArmUR/HitBox"]
transform = Transform( 1, 0, 3.8743e-07, 1.49012e-08, -2.98023e-08, -0.999999, 0, 1, 0, 5.96046e-08, 0.149119, 4.17233e-07 )
shape = SubResource( 2 )

[node name="ArmLL" type="BoneAttachment" parent="Graphics/Armature/Skeleton" index="3"]
transform = Transform( -0.972884, 0.230485, -0.0193162, -0.230879, -0.962749, 0.140745, 0.0138429, 0.141388, 0.989857, 0.477033, 1.08765, 0.106966 )
bone_name = "lower_arm.l"

[node name="HitBox" parent="Graphics/Armature/Skeleton/ArmLL" instance=ExtResource( 1 )]

[node name="CollisionShape" type="CollisionShape" parent="Graphics/Armature/Skeleton/ArmLL/HitBox"]
transform = Transform( 1, -3.72529e-09, 3.91155e-07, 1.49012e-08, -2.98023e-08, -0.999999, 0, 1, -8.9407e-08, 5.96046e-08, 0.196396, 5.36442e-07 )
shape = SubResource( 3 )

[node name="CollisionShape2" type="CollisionShape" parent="Graphics/Armature/Skeleton/ArmLL/HitBox"]
transform = Transform( 0.880071, -2.23517e-08, -0.47484, -0.47484, 2.98023e-08, -0.880071, 1.19209e-07, 1, 2.98023e-08, 0.0336283, 0.598437, -0.0207537 )
shape = SubResource( 3 )

[node name="CollisionShape3" type="CollisionShape" parent="Graphics/Armature/Skeleton/ArmLL/HitBox"]
transform = Transform( 0.873116, 0.041681, -0.485725, -0.471029, -0.184746, -0.862553, -0.125688, 0.981901, -0.141672, 0.0555315, 0.563087, 0.122439 )
shape = SubResource( 3 )

[node name="CollisionShape4" type="CollisionShape" parent="Graphics/Armature/Skeleton/ArmLL/HitBox"]
transform = Transform( 0.908222, 0.230434, -0.349326, -0.416989, 0.427845, -0.801914, -0.0353304, 0.873984, 0.484667, 0.0501476, 0.541317, -0.160385 )
shape = SubResource( 3 )

[node name="ArmLR" type="BoneAttachment" parent="Graphics/Armature/Skeleton" index="4"]
transform = Transform( -0.953968, 0.121887, -0.274025, -0.260468, -0.789645, 0.555534, -0.14867, 0.601335, 0.785043, -0.305765, 1.15196, 0.337412 )
bone_name = "lower_arm.r"

[node name="HitBox" parent="Graphics/Armature/Skeleton/ArmLR" instance=ExtResource( 1 )]

[node name="CollisionShape" type="CollisionShape" parent="Graphics/Armature/Skeleton/ArmLR/HitBox"]
transform = Transform( 1, -3.72529e-09, 3.91155e-07, 1.49012e-08, -2.98023e-08, -0.999999, 0, 1, -8.9407e-08, 5.96046e-08, 0.196396, 5.36442e-07 )
shape = SubResource( 3 )

[node name="CollisionShape2" type="CollisionShape" parent="Graphics/Armature/Skeleton/ArmLR/HitBox"]
transform = Transform( 0.946508, -1.08033e-07, 0.322679, 0.322679, -8.9407e-08, -0.946508, 1.19209e-07, 1, -2.98023e-08, -0.075357, 0.651569, -0.0207536 )
shape = SubResource( 3 )

[node name="CollisionShape3" type="CollisionShape" parent="Graphics/Armature/Skeleton/ArmLR/HitBox"]
transform = Transform( 0.884142, 0.041681, 0.465353, 0.464546, -0.184746, -0.866062, 0.049874, 0.981902, -0.182705, -0.0683081, 0.577033, 0.13032 )
shape = SubResource( 3 )

[node name="CollisionShape4" type="CollisionShape" parent="Graphics/Armature/Skeleton/ArmLR/HitBox"]
transform = Transform( 0.878847, 0.306916, 0.365278, 0.110551, 0.613782, -0.781695, -0.464116, 0.727374, 0.505491, -0.0657496, 0.568014, -0.169333 )
shape = SubResource( 3 )

[node name="LegUL" type="BoneAttachment" parent="Graphics/Armature/Skeleton" index="5"]
transform = Transform( -0.782991, 0.148378, 0.604052, 0.0548879, -0.950859, 0.304719, 0.619566, 0.271754, 0.736389, 0.131876, 0.936301, 1.37659e-07 )
bone_name = "upperleg.l"

[node name="HitBox" parent="Graphics/Armature/Skeleton/LegUL" instance=ExtResource( 1 )]

[node name="CollisionShape" type="CollisionShape" parent="Graphics/Armature/Skeleton/LegUL/HitBox"]
transform = Transform( 0.994824, -1.19209e-07, 0.101612, 0.101612, 7.45058e-08, -0.994824, 8.9407e-08, 1, 1.49012e-07, 0.0219205, 0.149119, -0.0162201 )
shape = SubResource( 4 )

[node name="LegUR" type="BoneAttachment" parent="Graphics/Armature/Skeleton" index="6"]
transform = Transform( -0.782991, -0.148378, -0.604051, -0.0548878, -0.950859, 0.304719, -0.619566, 0.271754, 0.736389, -0.131876, 0.936301, 1.37659e-07 )
bone_name = "upperleg.r"

[node name="HitBox" parent="Graphics/Armature/Skeleton/LegUR" instance=ExtResource( 1 )]

[node name="CollisionShape" type="CollisionShape" parent="Graphics/Armature/Skeleton/LegUR/HitBox"]
transform = Transform( 0.994824, 0.0106562, 0.101051, 0.101612, -0.104333, -0.989337, 3.27826e-07, 0.994485, -0.104875, -0.0110209, 0.146716, -0.0293039 )
shape = SubResource( 4 )

[node name="LegLL" type="BoneAttachment" parent="Graphics/Armature/Skeleton" index="7"]
transform = Transform( -0.786337, -0.178847, 0.591318, 0.0264708, -0.966053, -0.256983, 0.61719, -0.186426, 0.764397, 0.193831, 0.539271, 0.113471 )
bone_name = "lowerleg.l"

[node name="HitBox" parent="Graphics/Armature/Skeleton/LegLL" instance=ExtResource( 1 )]

[node name="CollisionShape" type="CollisionShape" parent="Graphics/Armature/Skeleton/LegLL/HitBox"]
transform = Transform( 0.994824, 2.68221e-07, 0.101612, 0.101612, 1.04308e-07, -0.994824, 5.96046e-08, 1, 1.63913e-07, 0.0133645, 0.232883, 0.00393426 )
shape = SubResource( 5 )

[node name="LegLR" type="BoneAttachment" parent="Graphics/Armature/Skeleton" index="8"]
transform = Transform( -0.786337, 0.178847, -0.591318, -0.0264707, -0.966053, -0.256983, -0.617189, -0.186426, 0.764397, -0.193831, 0.539271, 0.113471 )
bone_name = "lowerleg.r"

[node name="HitBox" parent="Graphics/Armature/Skeleton/LegLR" instance=ExtResource( 1 )]

[node name="CollisionShape" type="CollisionShape" parent="Graphics/Armature/Skeleton/LegLR/HitBox"]
transform = Transform( 0.999619, -2.08616e-07, -0.0275625, -0.0275625, 2.98023e-08, -0.999619, 2.68221e-07, 1, 1.49012e-08, -0.00709241, 0.232689, 0.00265726 )
shape = SubResource( 5 )

[node name="Hip" type="BoneAttachment" parent="Graphics/Armature/Skeleton" index="9"]
transform = Transform( 1, 0, 0, 0, 1, 0, 0, 0, 1, 0, 0.915201, 0 )
bone_name = "hip"

[node name="HitBox" parent="Graphics/Armature/Skeleton/Hip" instance=ExtResource( 1 )]

[node name="CollisionShape" type="CollisionShape" parent="Graphics/Armature/Skeleton/Hip/HitBox"]
transform = Transform( 0.999619, -2.08616e-07, -0.0275625, -0.0275625, 2.98023e-08, -0.999619, 2.68221e-07, 1, 1.49012e-08, -0.00783005, 0.205936, 0.00265726 )
shape = SubResource( 6 )

[node name="Body" type="BoneAttachment" parent="Graphics/Armature/Skeleton" index="10"]
transform = Transform( 1, 0, 2.38418e-07, -8.6824e-08, 0.931334, 0.364166, -2.22047e-07, -0.364166, 0.931334, 0, 1.13977, 0 )
bone_name = "body"

[node name="HitBox" parent="Graphics/Armature/Skeleton/Body" instance=ExtResource( 1 )]

[node name="CollisionShape" type="CollisionShape" parent="Graphics/Armature/Skeleton/Body/HitBox"]
transform = Transform( 0.999619, -0.00237522, -0.02746, -0.0275626, -0.0861318, -0.995903, 2.65427e-07, 0.996281, -0.0861645, -0.00361646, 0.358752, 0.00048691 )
shape = SubResource( 7 )

[node name="HitBox2" parent="Graphics/Armature/Skeleton/Body" instance=ExtResource( 1 )]
transform = Transform( 1, 0, -1.42109e-14, 0, 1, 0, 0, 0, 1, 0, 0, 0 )
weak_spot = true

[node name="CollisionShape" type="CollisionShape" parent="Graphics/Armature/Skeleton/Body/HitBox2"]
transform = Transform( 0.999619, -0.00624397, -0.0268459, -0.0275625, -0.226446, -0.973634, 2.16998e-07, 0.974004, -0.226532, -0.00015042, 0.484459, 0.258466 )
shape = SubResource( 8 )

[node name="HealthManager" parent="." instance=ExtResource( 4 )]
max_health = 20

[node name="CharacterMover" parent="." instance=ExtResource( 5 )]
move_accel = 2
max_speed = 10
ignore_rotation = true

[node name="AimAtObject" type="Spatial" parent="."]
transform = Transform( 1, 0, 0, 0, 1, 0, 0, 0, 1, 0, 1, 0.403 )
script = ExtResource( 6 )

[node name="DamageArea" parent="AimAtObject" instance=ExtResource( 7 )]
transform = Transform( -4.37114e-08, 0, 1, 0, 1, 0, -1, 0, -4.37114e-08, 3.67787e-08, 0, 0.8414 )

[editable path="Graphics"]
