[gd_scene load_steps=16 format=2]

[ext_resource path="res://characters/HitBox.tscn" type="PackedScene" id=1]
[ext_resource path="res://characters/enemies/raw_assets/reptilemonster/reptilemonster.glb" type="PackedScene" id=2]
[ext_resource path="res://characters/enemies/Monster.gd" type="Script" id=3]
[ext_resource path="res://characters/HealthManager.tscn" type="PackedScene" id=4]
[ext_resource path="res://characters/CharacterMover.tscn" type="PackedScene" id=5]
[ext_resource path="res://characters/enemies/AimAtObject.gd" type="Script" id=6]
[ext_resource path="res://weapons/FireballSpawner.tscn" type="PackedScene" id=7]

[sub_resource type="CapsuleShape" id=2]
radius = 0.0981433
height = 0.314858

[sub_resource type="CapsuleShape" id=3]
radius = 0.0524217
height = 0.352849

[sub_resource type="CapsuleShape" id=4]
radius = 0.104214
height = 0.349405

[sub_resource type="CapsuleShape" id=5]
radius = 0.0690896
height = 0.383891

[sub_resource type="BoxShape" id=6]
extents = Vector3( 0.219851, 0.223029, 0.159674 )

[sub_resource type="BoxShape" id=7]
extents = Vector3( 0.209772, 0.188261, 0.158682 )

[sub_resource type="CapsuleShape" id=8]
radius = 0.124146
height = 0.433489

[sub_resource type="CapsuleShape" id=1]
radius = 0.5

[node name="ReptileMonster" type="KinematicBody"]
collision_layer = 2
collision_mask = 3
script = ExtResource( 3 )
attack_range = 100.0

[node name="Graphics" parent="." instance=ExtResource( 2 )]

[node name="ArmUL" type="BoneAttachment" parent="Graphics/Armature/Skeleton" index="1"]
transform = Transform( -0.794582, 0.196512, -0.574476, -0.391239, -0.889262, 0.236948, -0.464297, 0.413032, 0.783475, 0.218738, 1.56265, 0.11293 )
bone_name = "upper_arml"

[node name="HitBox" parent="Graphics/Armature/Skeleton/ArmUL" instance=ExtResource( 1 )]

[node name="CollisionShape" type="CollisionShape" parent="Graphics/Armature/Skeleton/ArmUL/HitBox"]
transform = Transform( 1, -7.45058e-09, 4.87082e-07, 2.28174e-08, -1.86265e-08, -0.999999, 2.98023e-08, 1, 7.45058e-09, 1.19209e-07, 0.0948911, 0.0180897 )
shape = SubResource( 2 )

[node name="ArmLL" type="BoneAttachment" parent="Graphics/Armature/Skeleton" index="2"]
transform = Transform( -0.821426, -0.414675, -0.39154, -0.244304, -0.364509, 0.898581, -0.515339, 0.833773, 0.19811, 0.284122, 1.26677, 0.250355 )
bone_name = "lower_arml"

[node name="HitBox" parent="Graphics/Armature/Skeleton/ArmLL" instance=ExtResource( 1 )]

[node name="CollisionShape" type="CollisionShape" parent="Graphics/Armature/Skeleton/ArmLL/HitBox"]
transform = Transform( 1, -3.72529e-08, 2.94298e-07, -1.49012e-08, 0, -0.999999, -2.6077e-08, 1, -1.78814e-07, -0.0117407, 0.234712, 3.8743e-07 )
shape = SubResource( 3 )

[node name="ArmUR" type="BoneAttachment" parent="Graphics/Armature/Skeleton" index="3"]
transform = Transform( -0.794582, -0.196512, 0.574476, 0.391239, -0.889262, 0.236948, 0.464296, 0.413032, 0.783475, -0.218738, 1.56265, 0.11293 )
bone_name = "upper_armr"

[node name="HitBox" parent="Graphics/Armature/Skeleton/ArmUR" instance=ExtResource( 1 )]

[node name="CollisionShape" type="CollisionShape" parent="Graphics/Armature/Skeleton/ArmUR/HitBox"]
transform = Transform( 1, -7.45058e-09, 4.87082e-07, 2.28174e-08, -1.86265e-08, -0.999999, 2.98023e-08, 1, 7.45058e-09, 1.19209e-07, 0.0948911, 0.0180897 )
shape = SubResource( 2 )

[node name="ArmLR" type="BoneAttachment" parent="Graphics/Armature/Skeleton" index="4"]
transform = Transform( -0.821426, 0.414675, 0.39154, 0.244304, -0.364509, 0.898581, 0.515339, 0.833773, 0.19811, -0.284122, 1.26677, 0.250355 )
bone_name = "lower_armr"

[node name="HitBox" parent="Graphics/Armature/Skeleton/ArmLR" instance=ExtResource( 1 )]

[node name="CollisionShape" type="CollisionShape" parent="Graphics/Armature/Skeleton/ArmLR/HitBox"]
transform = Transform( 1, -3.72529e-08, 2.94298e-07, -1.49012e-08, 0, -0.999999, -2.6077e-08, 1, -1.78814e-07, -0.0117407, 0.234712, 3.8743e-07 )
shape = SubResource( 3 )

[node name="LegUL" type="BoneAttachment" parent="Graphics/Armature/Skeleton" index="5"]
transform = Transform( -0.974353, 0.104196, 0.199445, -0.055251, -0.969979, 0.236828, 0.218135, 0.219735, 0.950857, 0.123436, 0.961497, 1.56462e-07 )
bone_name = "upper_legl"

[node name="HitBox" parent="Graphics/Armature/Skeleton/LegUL" instance=ExtResource( 1 )]

[node name="CollisionShape" type="CollisionShape" parent="Graphics/Armature/Skeleton/LegUL/HitBox"]
transform = Transform( 0.994824, -1.19209e-07, 0.101612, 0.101612, 7.45058e-08, -0.994824, 7.45058e-08, 1, 1.3411e-07, 0.0219205, 0.149119, 0.00113523 )
shape = SubResource( 4 )

[node name="LegUR" type="BoneAttachment" parent="Graphics/Armature/Skeleton" index="6"]
transform = Transform( -0.974353, -0.104196, -0.199445, 0.055251, -0.969979, 0.236828, -0.218135, 0.219735, 0.950857, -0.123436, 0.961497, 1.56462e-07 )
bone_name = "upper_legr"

[node name="HitBox" parent="Graphics/Armature/Skeleton/LegUR" instance=ExtResource( 1 )]

[node name="CollisionShape" type="CollisionShape" parent="Graphics/Armature/Skeleton/LegUR/HitBox"]
transform = Transform( 0.994824, 0.000551179, 0.10161, 0.101612, -0.00540012, -0.994808, 4.17233e-07, 0.999985, -0.00542815, -0.0107605, 0.144166, -0.00500005 )
shape = SubResource( 4 )

[node name="LegLL" type="BoneAttachment" parent="Graphics/Armature/Skeleton" index="7"]
transform = Transform( -0.978013, -0.0485473, 0.202812, 0.0195273, -0.989572, -0.142711, 0.207625, -0.135611, 0.968761, 0.175064, 0.48088, 0.108877 )
bone_name = "lowerlegl"

[node name="HitBox" parent="Graphics/Armature/Skeleton/LegLL" instance=ExtResource( 1 )]

[node name="CollisionShape" type="CollisionShape" parent="Graphics/Armature/Skeleton/LegLL/HitBox"]
transform = Transform( 0.999974, 4.47035e-08, 0.00725056, 0.00725058, 1.3411e-07, -0.999973, -5.96046e-08, 1, 7.45058e-08, 0.00244702, 0.15962, -0.0164546 )
shape = SubResource( 5 )

[node name="LegLR" type="BoneAttachment" parent="Graphics/Armature/Skeleton" index="8"]
transform = Transform( -0.978013, 0.0485473, -0.202812, -0.0195273, -0.989572, -0.14271, -0.207625, -0.135611, 0.968761, -0.175064, 0.48088, 0.108877 )
bone_name = "lowerlegr"

[node name="HitBox" parent="Graphics/Armature/Skeleton/LegLR" instance=ExtResource( 1 )]

[node name="CollisionShape" type="CollisionShape" parent="Graphics/Armature/Skeleton/LegLR/HitBox"]
transform = Transform( 0.999619, -2.08616e-07, -0.0275625, -0.0275625, 4.47035e-08, -0.999619, 2.83122e-07, 1, 1.49012e-08, -0.0070924, 0.232689, -0.00450149 )
shape = SubResource( 5 )

[node name="Hip" type="BoneAttachment" parent="Graphics/Armature/Skeleton" index="9"]
transform = Transform( 1, 0, 0, 0, 0.978673, -0.205425, 0, 0.205425, 0.978673, 2.84689e-18, 0.948998, -0.0952436 )
bone_name = "hip"

[node name="HitBox" parent="Graphics/Armature/Skeleton/Hip" instance=ExtResource( 1 )]

[node name="CollisionShape" type="CollisionShape" parent="Graphics/Armature/Skeleton/Hip/HitBox"]
transform = Transform( 0.999619, -2.08616e-07, -0.0275625, -0.0275625, 2.98023e-08, -0.999619, 2.68221e-07, 1, 1.49012e-08, -0.00493318, 0.310998, 0.0744374 )
shape = SubResource( 6 )

[node name="Body" type="BoneAttachment" parent="Graphics/Armature/Skeleton" index="10"]
transform = Transform( 1, -4.25214e-08, -2.29664e-07, -4.42134e-08, 0.931049, -0.364894, 2.29344e-07, 0.364894, 0.931049, 2.84689e-18, 1.20205, -0.042127 )
bone_name = "body"

[node name="HitBox" parent="Graphics/Armature/Skeleton/Body" instance=ExtResource( 1 )]

[node name="CollisionShape" type="CollisionShape" parent="Graphics/Armature/Skeleton/Body/HitBox"]
transform = Transform( 0.999619, -0.0102923, -0.025569, -0.0275626, -0.373267, -0.927317, 1.72295e-07, 0.927669, -0.37341, -0.00350791, 0.36269, 0.226685 )
shape = SubResource( 7 )

[node name="HitBox2" parent="Graphics/Armature/Skeleton/Body" instance=ExtResource( 1 )]
transform = Transform( 1, 0, -1.42109e-14, 0, 1, 0, 0, 0, 1, 0, 0, 0 )
weak_spot = true

[node name="CollisionShape" type="CollisionShape" parent="Graphics/Armature/Skeleton/Body/HitBox2"]
transform = Transform( 0.999619, 0.021537, -0.0172004, -0.0275625, 0.781094, -0.623806, 2.16067e-07, 0.624044, 0.781391, 0.000876872, 0.521718, 0.474156 )
shape = SubResource( 8 )

[node name="CollisionShape" type="CollisionShape" parent="."]
transform = Transform( 1, 0, 0, 0, -4.37114e-08, 1, 0, -1, -4.37114e-08, 0, 1, 0 )
shape = SubResource( 1 )

[node name="HealthManager" parent="." instance=ExtResource( 4 )]
transform = Transform( 1, 0, 0, 0, 1, 0, 0, 0, 1, 0, 1, 0 )
max_health = 20

[node name="CharacterMover" parent="." instance=ExtResource( 5 )]
move_accel = 2
max_speed = 10
ignore_rotation = true

[node name="AimAtObject" type="Spatial" parent="."]
transform = Transform( 1, 0, 0, 0, 1, 0, 0, 0, 1, 0, 1, 0.403 )
script = ExtResource( 6 )

[node name="FireballSpawner" parent="AimAtObject" instance=ExtResource( 7 )]
transform = Transform( -1, 0, -8.74228e-08, 0, 1, 0, 8.74228e-08, 0, -1, 0, 0, 0 )

[editable path="Graphics"]
